 SNAP: SN (Discrete Ordinates) Application Proxy
 Version Number..  1.01 
 Version Date..  03-25-2013
 Ran on  6- 6-2013 at time 16:14: 9

********************************************************************************

          Input Echo - Values from input or default
********************************************************************************

  NML=invar
     npey=     8
     npez=    12
     ichunk=     8
     nthreads=     1
     nnested=   0
     ndimen=  3
     nx=    32
     ny=    32
     nz=    48
     lx=  1.0000E+00
     ly=  1.0000E+00
     lz=  1.0000E+00
     nmom=   1
     nang=   24
     ng=   32
     mat_opt=  1
     src_opt=  0
     scatp=  0
     epsi=  1.0000E-04
     iitm=   5
     oitm=  100
     timedep=  1
     tf=  1.0000E-01
     nsteps=    10
     it_det=  0
     fluxp=  0
     fixup=  0

********************************************************************************

          Calculation Run-time Parameters Echo
********************************************************************************

  Geometry
    ndimen = 3
    nx =    32
    ny =    32
    nz =    48
    lx =  1.0000E+00
    ly =  1.0000E+00
    lz =  1.0000E+00
    dx =  3.1250E-02
    dy =  3.1250E-02
    dz =  2.0833E-02

  Sn
    nmom = 1
    nang =   24
    noct = 8

    w =  5.2083E-03   ... uniform weights

          mu              eta               xi
     2.08333333E-02   9.79166667E-01   2.01986661E-01
     6.25000000E-02   9.37500000E-01   3.42326598E-01
     1.04166667E-01   8.95833333E-01   4.32009195E-01
     1.45833333E-01   8.54166667E-01   4.99131190E-01
     1.87500000E-01   8.12500000E-01   5.51985054E-01
     2.29166667E-01   7.70833333E-01   5.94389276E-01
     2.70833333E-01   7.29166667E-01   6.28462630E-01
     3.12500000E-01   6.87500000E-01   6.55505530E-01
     3.54166667E-01   6.45833333E-01   6.76361795E-01
     3.95833333E-01   6.04166667E-01   6.91591361E-01
     4.37500000E-01   5.62500000E-01   7.01560760E-01
     4.79166667E-01   5.20833333E-01   7.06492707E-01
     5.20833333E-01   4.79166667E-01   7.06492707E-01
     5.62500000E-01   4.37500000E-01   7.01560760E-01
     6.04166667E-01   3.95833333E-01   6.91591361E-01
     6.45833333E-01   3.54166667E-01   6.76361795E-01
     6.87500000E-01   3.12500000E-01   6.55505530E-01
     7.29166667E-01   2.70833333E-01   6.28462630E-01
     7.70833333E-01   2.29166667E-01   5.94389276E-01
     8.12500000E-01   1.87500000E-01   5.51985054E-01
     8.54166667E-01   1.45833333E-01   4.99131190E-01
     8.95833333E-01   1.04166667E-01   4.32009195E-01
     9.37500000E-01   6.25000000E-02   3.42326598E-01
     9.79166667E-01   2.08333333E-02   2.01986661E-01

  Material Map
    mat_opt = 1   -->   nmat = 2
    Base material (default for every cell) = 1
    Material 2 present:
        Starting cell: (     9,     9,    13 )
        Ending cell:   (    24,    24,    36 )

  Source Map
    src_opt = 0
    Source strength per cell (where applied) = 1.0
    Source map:
        Starting cell: (     1,     1,     1 )
        Ending cell:   (    32,    32,    48 )

  Pseudo Cross Sections Data
    ng =  32

    Material 1
    Group         Total         Absorption      Scattering
       1       1.000000E+00    5.000000E-01    5.000000E-01
       2       1.010000E+00    5.050000E-01    5.050000E-01
       3       1.020000E+00    5.100000E-01    5.100000E-01
       4       1.030000E+00    5.150000E-01    5.150000E-01
       5       1.040000E+00    5.200000E-01    5.200000E-01
       6       1.050000E+00    5.250000E-01    5.250000E-01
       7       1.060000E+00    5.300000E-01    5.300000E-01
       8       1.070000E+00    5.350000E-01    5.350000E-01
       9       1.080000E+00    5.400000E-01    5.400000E-01
      10       1.090000E+00    5.450000E-01    5.450000E-01
      11       1.100000E+00    5.500000E-01    5.500000E-01
      12       1.110000E+00    5.550000E-01    5.550000E-01
      13       1.120000E+00    5.600000E-01    5.600000E-01
      14       1.130000E+00    5.650000E-01    5.650000E-01
      15       1.140000E+00    5.700000E-01    5.700000E-01
      16       1.150000E+00    5.750000E-01    5.750000E-01
      17       1.160000E+00    5.800000E-01    5.800000E-01
      18       1.170000E+00    5.850000E-01    5.850000E-01
      19       1.180000E+00    5.900000E-01    5.900000E-01
      20       1.190000E+00    5.950000E-01    5.950000E-01
      21       1.200000E+00    6.000000E-01    6.000000E-01
      22       1.210000E+00    6.050000E-01    6.050000E-01
      23       1.220000E+00    6.100000E-01    6.100000E-01
      24       1.230000E+00    6.150000E-01    6.150000E-01
      25       1.240000E+00    6.200000E-01    6.200000E-01
      26       1.250000E+00    6.250000E-01    6.250000E-01
      27       1.260000E+00    6.300000E-01    6.300000E-01
      28       1.270000E+00    6.350000E-01    6.350000E-01
      29       1.280000E+00    6.400000E-01    6.400000E-01
      30       1.290000E+00    6.450000E-01    6.450000E-01
      31       1.300000E+00    6.500000E-01    6.500000E-01
      32       1.310000E+00    6.550000E-01    6.550000E-01

    Material 2
    Group         Total         Absorption      Scattering
       1       2.000000E+00    8.000000E-01    1.200000E+00
       2       2.010000E+00    8.050000E-01    1.205000E+00
       3       2.020000E+00    8.100000E-01    1.210000E+00
       4       2.030000E+00    8.150000E-01    1.215000E+00
       5       2.040000E+00    8.200000E-01    1.220000E+00
       6       2.050000E+00    8.250000E-01    1.225000E+00
       7       2.060000E+00    8.300000E-01    1.230000E+00
       8       2.070000E+00    8.350000E-01    1.235000E+00
       9       2.080000E+00    8.400000E-01    1.240000E+00
      10       2.090000E+00    8.450000E-01    1.245000E+00
      11       2.100000E+00    8.500000E-01    1.250000E+00
      12       2.110000E+00    8.550000E-01    1.255000E+00
      13       2.120000E+00    8.600000E-01    1.260000E+00
      14       2.130000E+00    8.650000E-01    1.265000E+00
      15       2.140000E+00    8.700000E-01    1.270000E+00
      16       2.150000E+00    8.750000E-01    1.275000E+00
      17       2.160000E+00    8.800000E-01    1.280000E+00
      18       2.170000E+00    8.850000E-01    1.285000E+00
      19       2.180000E+00    8.900000E-01    1.290000E+00
      20       2.190000E+00    8.950000E-01    1.295000E+00
      21       2.200000E+00    9.000000E-01    1.300000E+00
      22       2.210000E+00    9.050000E-01    1.305000E+00
      23       2.220000E+00    9.100000E-01    1.310000E+00
      24       2.230000E+00    9.150000E-01    1.315000E+00
      25       2.240000E+00    9.200000E-01    1.320000E+00
      26       2.250000E+00    9.250000E-01    1.325000E+00
      27       2.260000E+00    9.300000E-01    1.330000E+00
      28       2.270000E+00    9.350000E-01    1.335000E+00
      29       2.280000E+00    9.400000E-01    1.340000E+00
      30       2.290000E+00    9.450000E-01    1.345000E+00
      31       2.300000E+00    9.500000E-01    1.350000E+00
      32       2.310000E+00    9.550000E-01    1.355000E+00

  Time-Dependent Calculation Data
    tf =  1.0000E-01
    nsteps =   10
    dt =  1.0000E-02

    Group        Speed
       1       3.2000E+01
       2       3.1000E+01
       3       3.0000E+01
       4       2.9000E+01
       5       2.8000E+01
       6       2.7000E+01
       7       2.6000E+01
       8       2.5000E+01
       9       2.4000E+01
      10       2.3000E+01
      11       2.2000E+01
      12       2.1000E+01
      13       2.0000E+01
      14       1.9000E+01
      15       1.8000E+01
      16       1.7000E+01
      17       1.6000E+01
      18       1.5000E+01
      19       1.4000E+01
      20       1.3000E+01
      21       1.2000E+01
      22       1.1000E+01
      23       1.0000E+01
      24       9.0000E+00
      25       8.0000E+00
      26       7.0000E+00
      27       6.0000E+00
      28       5.0000E+00
      29       4.0000E+00
      30       3.0000E+00
      31       2.0000E+00
      32       1.0000E+00

  Solution Control Parameters
    epsi =  1.0000E-04
    iitm =   5
    oitm =  100
    timedep = 1
    it_det = 0
    fluxp = 0
    fixup = 0


  Parallelization Parameters
    npey =     8
    npez =    12
    nthreads =    1

          Thread Support Level
           0 - MPI_THREAD_SINGLE
           1 - MPI_THREAD_FUNNELED
           2 - MPI_THREAD_SERIALIZED
           3 - MPI_THREAD_MULTIPLE
    thread_level =  2

    .FALSE. nested threading
      nnested =    0

********************************************************************************

          Iteration Monitor
********************************************************************************

 ******************************
  Time Cycle   1
  Outer
    1    Dfmxo= 1.3335E-01    No. Inners=  140
    2    Dfmxo= 8.2961E-02    No. Inners=   99
    3    Dfmxo= 3.4190E-03    No. Inners=   65

  Cycle=   1    Time= 5.0000E-03    No. Outers=   3    No. Inners=  304

 ******************************
  Time Cycle   2
  Outer
    1    Dfmxo= 3.5479E-01    No. Inners=  140
    2    Dfmxo= 7.5361E-02    No. Inners=   99
    3    Dfmxo= 3.0455E-03    No. Inners=   65

  Cycle=   2    Time= 1.5000E-02    No. Outers=   3    No. Inners=  304

 ******************************
  Time Cycle   3
  Outer
    1    Dfmxo= 4.8669E-01    No. Inners=  140
    2    Dfmxo= 6.5327E-02    No. Inners=  100
    3    Dfmxo= 2.5788E-03    No. Inners=   65

  Cycle=   3    Time= 2.5000E-02    No. Outers=   3    No. Inners=  305

 ******************************
  Time Cycle   4
  Outer
    1    Dfmxo= 5.2458E-01    No. Inners=  140
    2    Dfmxo= 5.7227E-02    No. Inners=  100
    3    Dfmxo= 2.1462E-03    No. Inners=   65

  Cycle=   4    Time= 3.5000E-02    No. Outers=   3    No. Inners=  305

 ******************************
  Time Cycle   5
  Outer
    1    Dfmxo= 5.0957E-01    No. Inners=  140
    2    Dfmxo= 5.4370E-02    No. Inners=  101
    3    Dfmxo= 1.7710E-03    No. Inners=   65

  Cycle=   5    Time= 4.5000E-02    No. Outers=   3    No. Inners=  306

 ******************************
  Time Cycle   6
  Outer
    1    Dfmxo= 5.0500E-01    No. Inners=  140
    2    Dfmxo= 5.5367E-02    No. Inners=  102
    3    Dfmxo= 1.8062E-03    No. Inners=   65

  Cycle=   6    Time= 5.5000E-02    No. Outers=   3    No. Inners=  307

 ******************************
  Time Cycle   7
  Outer
    1    Dfmxo= 5.1619E-01    No. Inners=  140
    2    Dfmxo= 5.5305E-02    No. Inners=  102
    3    Dfmxo= 1.8073E-03    No. Inners=   65

  Cycle=   7    Time= 6.5000E-02    No. Outers=   3    No. Inners=  307

 ******************************
  Time Cycle   8
  Outer
    1    Dfmxo= 5.1462E-01    No. Inners=  140
    2    Dfmxo= 5.6076E-02    No. Inners=  102
    3    Dfmxo= 1.8398E-03    No. Inners=   65

  Cycle=   8    Time= 7.5000E-02    No. Outers=   3    No. Inners=  307

 ******************************
  Time Cycle   9
  Outer
    1    Dfmxo= 5.1881E-01    No. Inners=  140
    2    Dfmxo= 5.6651E-02    No. Inners=  102
    3    Dfmxo= 1.8670E-03    No. Inners=   65

  Cycle=   9    Time= 8.5000E-02    No. Outers=   3    No. Inners=  307

 ******************************
  Time Cycle  10
  Outer
    1    Dfmxo= 5.2843E-01    No. Inners=  140
    2    Dfmxo= 5.6593E-02    No. Inners=  102
    3    Dfmxo= 1.8667E-03    No. Inners=   65

  Cycle=  10    Time= 9.5000E-02    No. Outers=   3    No. Inners=  307

 ******************************
  Total inners for all time steps, outers =   3059

********************************************************************************

          Calculation Final Scalar Flux Solution
********************************************************************************

 ***********************************
  Group=   1   Z Mid-Plane=   25
 ***********************************

     y    x    1      x    2      x    3      x    4      x    5      x    6  
    32  1.9699E-01  2.2748E-01  2.4612E-01  2.6260E-01  2.7623E-01  2.8715E-01
    31  2.2748E-01  2.6328E-01  2.8443E-01  3.0299E-01  3.1810E-01  3.3031E-01
    30  2.4612E-01  2.8443E-01  3.0755E-01  3.2759E-01  3.4386E-01  3.5705E-01
    29  2.6260E-01  3.0299E-01  3.2759E-01  3.4889E-01  3.6606E-01  3.8006E-01
    28  2.7623E-01  3.1810E-01  3.4386E-01  3.6606E-01  3.8391E-01  3.9850E-01
    27  2.8715E-01  3.3031E-01  3.5705E-01  3.8006E-01  3.9850E-01  4.1372E-01
    26  2.9624E-01  3.4040E-01  3.6797E-01  3.9161E-01  4.1045E-01  4.2612E-01
    25  3.0310E-01  3.4795E-01  3.7610E-01  4.0023E-01  4.1941E-01  4.3547E-01
    24  3.0866E-01  3.5408E-01  3.8269E-01  4.0721E-01  4.2662E-01  4.4287E-01
    23  3.1344E-01  3.5932E-01  3.8827E-01  4.1316E-01  4.3276E-01  4.4920E-01
    22  3.1710E-01  3.6341E-01  3.9269E-01  4.1791E-01  4.3780E-01  4.5452E-01
    21  3.2054E-01  3.6732E-01  3.9692E-01  4.2246E-01  4.4260E-01  4.5958E-01
    20  3.2329E-01  3.7033E-01  4.0017E-01  4.2596E-01  4.4629E-01  4.6351E-01
    19  3.2532E-01  3.7258E-01  4.0265E-01  4.2868E-01  4.4919E-01  4.6668E-01
    18  3.2670E-01  3.7414E-01  4.0441E-01  4.3058E-01  4.5115E-01  4.6877E-01
    17  3.2737E-01  3.7483E-01  4.0515E-01  4.3142E-01  4.5206E-01  4.6981E-01
    16  3.2737E-01  3.7483E-01  4.0515E-01  4.3142E-01  4.5206E-01  4.6981E-01
    15  3.2670E-01  3.7414E-01  4.0441E-01  4.3058E-01  4.5115E-01  4.6877E-01
    14  3.2532E-01  3.7258E-01  4.0265E-01  4.2868E-01  4.4919E-01  4.6668E-01
    13  3.2329E-01  3.7033E-01  4.0017E-01  4.2596E-01  4.4629E-01  4.6351E-01
    12  3.2054E-01  3.6732E-01  3.9692E-01  4.2246E-01  4.4260E-01  4.5958E-01
    11  3.1710E-01  3.6341E-01  3.9269E-01  4.1791E-01  4.3780E-01  4.5452E-01
    10  3.1344E-01  3.5932E-01  3.8827E-01  4.1316E-01  4.3276E-01  4.4920E-01
     9  3.0866E-01  3.5408E-01  3.8269E-01  4.0721E-01  4.2662E-01  4.4287E-01
     8  3.0310E-01  3.4795E-01  3.7610E-01  4.0023E-01  4.1941E-01  4.3547E-01
     7  2.9624E-01  3.4040E-01  3.6797E-01  3.9161E-01  4.1045E-01  4.2612E-01
     6  2.8715E-01  3.3031E-01  3.5705E-01  3.8006E-01  3.9850E-01  4.1372E-01
     5  2.7623E-01  3.1810E-01  3.4386E-01  3.6606E-01  3.8391E-01  3.9850E-01
     4  2.6260E-01  3.0299E-01  3.2759E-01  3.4889E-01  3.6606E-01  3.8006E-01
     3  2.4612E-01  2.8443E-01  3.0755E-01  3.2759E-01  3.4386E-01  3.5705E-01
     2  2.2748E-01  2.6328E-01  2.8443E-01  3.0299E-01  3.1810E-01  3.3031E-01
     1  1.9699E-01  2.2748E-01  2.4612E-01  2.6260E-01  2.7623E-01  2.8715E-01

     y    x    7      x    8      x    9      x   10      x   11      x   12  
    32  2.9624E-01  3.0310E-01  3.0866E-01  3.1344E-01  3.1710E-01  3.2054E-01
    31  3.4040E-01  3.4795E-01  3.5408E-01  3.5932E-01  3.6341E-01  3.6732E-01
    30  3.6797E-01  3.7610E-01  3.8269E-01  3.8827E-01  3.9269E-01  3.9692E-01
    29  3.9161E-01  4.0023E-01  4.0721E-01  4.1316E-01  4.1791E-01  4.2246E-01
    28  4.1045E-01  4.1941E-01  4.2662E-01  4.3276E-01  4.3780E-01  4.4260E-01
    27  4.2612E-01  4.3547E-01  4.4287E-01  4.4920E-01  4.5452E-01  4.5958E-01
    26  4.3883E-01  4.4845E-01  4.5593E-01  4.6230E-01  4.6802E-01  4.7342E-01
    25  4.4845E-01  4.5794E-01  4.6495E-01  4.7155E-01  4.7794E-01  4.8371E-01
    24  4.5593E-01  4.6495E-01  4.7183E-01  4.7938E-01  4.8665E-01  4.9294E-01
    23  4.6230E-01  4.7155E-01  4.7938E-01  4.8758E-01  4.9537E-01  5.0206E-01
    22  4.6802E-01  4.7794E-01  4.8665E-01  4.9537E-01  5.0355E-01  5.1052E-01
    21  4.7342E-01  4.8371E-01  4.9294E-01  5.0206E-01  5.1052E-01  5.1754E-01
    20  4.7754E-01  4.8818E-01  4.9781E-01  5.0729E-01  5.1607E-01  5.2320E-01
    19  4.8090E-01  4.9186E-01  5.0178E-01  5.1153E-01  5.2047E-01  5.2749E-01
    18  4.8300E-01  4.9412E-01  5.0420E-01  5.1414E-01  5.2320E-01  5.3018E-01
    17  4.8409E-01  4.9536E-01  5.0553E-01  5.1557E-01  5.2468E-01  5.3159E-01
    16  4.8409E-01  4.9536E-01  5.0553E-01  5.1557E-01  5.2468E-01  5.3159E-01
    15  4.8300E-01  4.9412E-01  5.0420E-01  5.1414E-01  5.2320E-01  5.3018E-01
    14  4.8090E-01  4.9186E-01  5.0178E-01  5.1153E-01  5.2047E-01  5.2749E-01
    13  4.7754E-01  4.8818E-01  4.9781E-01  5.0729E-01  5.1607E-01  5.2320E-01
    12  4.7342E-01  4.8371E-01  4.9294E-01  5.0206E-01  5.1052E-01  5.1754E-01
    11  4.6802E-01  4.7794E-01  4.8665E-01  4.9537E-01  5.0355E-01  5.1052E-01
    10  4.6230E-01  4.7155E-01  4.7938E-01  4.8758E-01  4.9537E-01  5.0206E-01
     9  4.5593E-01  4.6495E-01  4.7183E-01  4.7938E-01  4.8665E-01  4.9294E-01
     8  4.4845E-01  4.5794E-01  4.6495E-01  4.7155E-01  4.7794E-01  4.8371E-01
     7  4.3883E-01  4.4845E-01  4.5593E-01  4.6230E-01  4.6802E-01  4.7342E-01
     6  4.2612E-01  4.3547E-01  4.4287E-01  4.4920E-01  4.5452E-01  4.5958E-01
     5  4.1045E-01  4.1941E-01  4.2662E-01  4.3276E-01  4.3780E-01  4.4260E-01
     4  3.9161E-01  4.0023E-01  4.0721E-01  4.1316E-01  4.1791E-01  4.2246E-01
     3  3.6797E-01  3.7610E-01  3.8269E-01  3.8827E-01  3.9269E-01  3.9692E-01
     2  3.4040E-01  3.4795E-01  3.5408E-01  3.5932E-01  3.6341E-01  3.6732E-01
     1  2.9624E-01  3.0310E-01  3.0866E-01  3.1344E-01  3.1710E-01  3.2054E-01

     y    x   13      x   14      x   15      x   16      x   17      x   18  
    32  3.2329E-01  3.2532E-01  3.2670E-01  3.2737E-01  3.2737E-01  3.2670E-01
    31  3.7033E-01  3.7258E-01  3.7414E-01  3.7483E-01  3.7483E-01  3.7414E-01
    30  4.0017E-01  4.0265E-01  4.0441E-01  4.0515E-01  4.0515E-01  4.0441E-01
    29  4.2596E-01  4.2868E-01  4.3058E-01  4.3142E-01  4.3142E-01  4.3058E-01
    28  4.4629E-01  4.4919E-01  4.5115E-01  4.5206E-01  4.5206E-01  4.5115E-01
    27  4.6351E-01  4.6668E-01  4.6877E-01  4.6981E-01  4.6981E-01  4.6877E-01
    26  4.7754E-01  4.8090E-01  4.8300E-01  4.8409E-01  4.8409E-01  4.8300E-01
    25  4.8818E-01  4.9186E-01  4.9412E-01  4.9536E-01  4.9536E-01  4.9412E-01
    24  4.9781E-01  5.0178E-01  5.0420E-01  5.0553E-01  5.0553E-01  5.0420E-01
    23  5.0729E-01  5.1153E-01  5.1414E-01  5.1557E-01  5.1557E-01  5.1414E-01
    22  5.1607E-01  5.2047E-01  5.2320E-01  5.2468E-01  5.2468E-01  5.2320E-01
    21  5.2320E-01  5.2749E-01  5.3018E-01  5.3159E-01  5.3159E-01  5.3018E-01
    20  5.2901E-01  5.3328E-01  5.3614E-01  5.3757E-01  5.3757E-01  5.3614E-01
    19  5.3328E-01  5.3741E-01  5.4031E-01  5.4168E-01  5.4168E-01  5.4031E-01
    18  5.3614E-01  5.4031E-01  5.4331E-01  5.4469E-01  5.4469E-01  5.4331E-01
    17  5.3757E-01  5.4168E-01  5.4469E-01  5.4603E-01  5.4603E-01  5.4469E-01
    16  5.3757E-01  5.4168E-01  5.4469E-01  5.4603E-01  5.4603E-01  5.4469E-01
    15  5.3614E-01  5.4031E-01  5.4331E-01  5.4469E-01  5.4469E-01  5.4331E-01
    14  5.3328E-01  5.3741E-01  5.4031E-01  5.4168E-01  5.4168E-01  5.4031E-01
    13  5.2901E-01  5.3328E-01  5.3614E-01  5.3757E-01  5.3757E-01  5.3614E-01
    12  5.2320E-01  5.2749E-01  5.3018E-01  5.3159E-01  5.3159E-01  5.3018E-01
    11  5.1607E-01  5.2047E-01  5.2320E-01  5.2468E-01  5.2468E-01  5.2320E-01
    10  5.0729E-01  5.1153E-01  5.1414E-01  5.1557E-01  5.1557E-01  5.1414E-01
     9  4.9781E-01  5.0178E-01  5.0420E-01  5.0553E-01  5.0553E-01  5.0420E-01
     8  4.8818E-01  4.9186E-01  4.9412E-01  4.9536E-01  4.9536E-01  4.9412E-01
     7  4.7754E-01  4.8090E-01  4.8300E-01  4.8409E-01  4.8409E-01  4.8300E-01
     6  4.6351E-01  4.6668E-01  4.6877E-01  4.6981E-01  4.6981E-01  4.6877E-01
     5  4.4629E-01  4.4919E-01  4.5115E-01  4.5206E-01  4.5206E-01  4.5115E-01
     4  4.2596E-01  4.2868E-01  4.3058E-01  4.3142E-01  4.3142E-01  4.3058E-01
     3  4.0017E-01  4.0265E-01  4.0441E-01  4.0515E-01  4.0515E-01  4.0441E-01
     2  3.7033E-01  3.7258E-01  3.7414E-01  3.7483E-01  3.7483E-01  3.7414E-01
     1  3.2329E-01  3.2532E-01  3.2670E-01  3.2737E-01  3.2737E-01  3.2670E-01

     y    x   19      x   20      x   21      x   22      x   23      x   24  
    32  3.2532E-01  3.2329E-01  3.2054E-01  3.1710E-01  3.1344E-01  3.0866E-01
    31  3.7258E-01  3.7033E-01  3.6732E-01  3.6341E-01  3.5932E-01  3.5408E-01
    30  4.0265E-01  4.0017E-01  3.9692E-01  3.9269E-01  3.8827E-01  3.8269E-01
    29  4.2868E-01  4.2596E-01  4.2246E-01  4.1791E-01  4.1316E-01  4.0721E-01
    28  4.4919E-01  4.4629E-01  4.4260E-01  4.3780E-01  4.3276E-01  4.2662E-01
    27  4.6668E-01  4.6351E-01  4.5958E-01  4.5452E-01  4.4920E-01  4.4287E-01
    26  4.8090E-01  4.7754E-01  4.7342E-01  4.6802E-01  4.6230E-01  4.5593E-01
    25  4.9186E-01  4.8818E-01  4.8371E-01  4.7794E-01  4.7155E-01  4.6495E-01
    24  5.0178E-01  4.9781E-01  4.9294E-01  4.8665E-01  4.7938E-01  4.7183E-01
    23  5.1153E-01  5.0729E-01  5.0206E-01  4.9537E-01  4.8758E-01  4.7938E-01
    22  5.2047E-01  5.1607E-01  5.1052E-01  5.0355E-01  4.9537E-01  4.8665E-01
    21  5.2749E-01  5.2320E-01  5.1754E-01  5.1052E-01  5.0206E-01  4.9294E-01
    20  5.3328E-01  5.2901E-01  5.2320E-01  5.1607E-01  5.0729E-01  4.9781E-01
    19  5.3741E-01  5.3328E-01  5.2749E-01  5.2047E-01  5.1153E-01  5.0178E-01
    18  5.4031E-01  5.3614E-01  5.3018E-01  5.2320E-01  5.1414E-01  5.0420E-01
    17  5.4168E-01  5.3757E-01  5.3159E-01  5.2468E-01  5.1557E-01  5.0553E-01
    16  5.4168E-01  5.3757E-01  5.3159E-01  5.2468E-01  5.1557E-01  5.0553E-01
    15  5.4031E-01  5.3614E-01  5.3018E-01  5.2320E-01  5.1414E-01  5.0420E-01
    14  5.3741E-01  5.3328E-01  5.2749E-01  5.2047E-01  5.1153E-01  5.0178E-01
    13  5.3328E-01  5.2901E-01  5.2320E-01  5.1607E-01  5.0729E-01  4.9781E-01
    12  5.2749E-01  5.2320E-01  5.1754E-01  5.1052E-01  5.0206E-01  4.9294E-01
    11  5.2047E-01  5.1607E-01  5.1052E-01  5.0355E-01  4.9537E-01  4.8665E-01
    10  5.1153E-01  5.0729E-01  5.0206E-01  4.9537E-01  4.8758E-01  4.7938E-01
     9  5.0178E-01  4.9781E-01  4.9294E-01  4.8665E-01  4.7938E-01  4.7183E-01
     8  4.9186E-01  4.8818E-01  4.8371E-01  4.7794E-01  4.7155E-01  4.6495E-01
     7  4.8090E-01  4.7754E-01  4.7342E-01  4.6802E-01  4.6230E-01  4.5593E-01
     6  4.6668E-01  4.6351E-01  4.5958E-01  4.5452E-01  4.4920E-01  4.4287E-01
     5  4.4919E-01  4.4629E-01  4.4260E-01  4.3780E-01  4.3276E-01  4.2662E-01
     4  4.2868E-01  4.2596E-01  4.2246E-01  4.1791E-01  4.1316E-01  4.0721E-01
     3  4.0265E-01  4.0017E-01  3.9692E-01  3.9269E-01  3.8827E-01  3.8269E-01
     2  3.7258E-01  3.7033E-01  3.6732E-01  3.6341E-01  3.5932E-01  3.5408E-01
     1  3.2532E-01  3.2329E-01  3.2054E-01  3.1710E-01  3.1344E-01  3.0866E-01

     y    x   25      x   26      x   27      x   28      x   29      x   30  
    32  3.0310E-01  2.9624E-01  2.8715E-01  2.7623E-01  2.6260E-01  2.4612E-01
    31  3.4795E-01  3.4040E-01  3.3031E-01  3.1810E-01  3.0299E-01  2.8443E-01
    30  3.7610E-01  3.6797E-01  3.5705E-01  3.4386E-01  3.2759E-01  3.0755E-01
    29  4.0023E-01  3.9161E-01  3.8006E-01  3.6606E-01  3.4889E-01  3.2759E-01
    28  4.1941E-01  4.1045E-01  3.9850E-01  3.8391E-01  3.6606E-01  3.4386E-01
    27  4.3547E-01  4.2612E-01  4.1372E-01  3.9850E-01  3.8006E-01  3.5705E-01
    26  4.4845E-01  4.3883E-01  4.2612E-01  4.1045E-01  3.9161E-01  3.6797E-01
    25  4.5794E-01  4.4845E-01  4.3547E-01  4.1941E-01  4.0023E-01  3.7610E-01
    24  4.6495E-01  4.5593E-01  4.4287E-01  4.2662E-01  4.0721E-01  3.8269E-01
    23  4.7155E-01  4.6230E-01  4.4920E-01  4.3276E-01  4.1316E-01  3.8827E-01
    22  4.7794E-01  4.6802E-01  4.5452E-01  4.3780E-01  4.1791E-01  3.9269E-01
    21  4.8371E-01  4.7342E-01  4.5958E-01  4.4260E-01  4.2246E-01  3.9692E-01
    20  4.8818E-01  4.7754E-01  4.6351E-01  4.4629E-01  4.2596E-01  4.0017E-01
    19  4.9186E-01  4.8090E-01  4.6668E-01  4.4919E-01  4.2868E-01  4.0265E-01
    18  4.9412E-01  4.8300E-01  4.6877E-01  4.5115E-01  4.3058E-01  4.0441E-01
    17  4.9536E-01  4.8409E-01  4.6981E-01  4.5206E-01  4.3142E-01  4.0515E-01
    16  4.9536E-01  4.8409E-01  4.6981E-01  4.5206E-01  4.3142E-01  4.0515E-01
    15  4.9412E-01  4.8300E-01  4.6877E-01  4.5115E-01  4.3058E-01  4.0441E-01
    14  4.9186E-01  4.8090E-01  4.6668E-01  4.4919E-01  4.2868E-01  4.0265E-01
    13  4.8818E-01  4.7754E-01  4.6351E-01  4.4629E-01  4.2596E-01  4.0017E-01
    12  4.8371E-01  4.7342E-01  4.5958E-01  4.4260E-01  4.2246E-01  3.9692E-01
    11  4.7794E-01  4.6802E-01  4.5452E-01  4.3780E-01  4.1791E-01  3.9269E-01
    10  4.7155E-01  4.6230E-01  4.4920E-01  4.3276E-01  4.1316E-01  3.8827E-01
     9  4.6495E-01  4.5593E-01  4.4287E-01  4.2662E-01  4.0721E-01  3.8269E-01
     8  4.5794E-01  4.4845E-01  4.3547E-01  4.1941E-01  4.0023E-01  3.7610E-01
     7  4.4845E-01  4.3883E-01  4.2612E-01  4.1045E-01  3.9161E-01  3.6797E-01
     6  4.3547E-01  4.2612E-01  4.1372E-01  3.9850E-01  3.8006E-01  3.5705E-01
     5  4.1941E-01  4.1045E-01  3.9850E-01  3.8391E-01  3.6606E-01  3.4386E-01
     4  4.0023E-01  3.9161E-01  3.8006E-01  3.6606E-01  3.4889E-01  3.2759E-01
     3  3.7610E-01  3.6797E-01  3.5705E-01  3.4386E-01  3.2759E-01  3.0755E-01
     2  3.4795E-01  3.4040E-01  3.3031E-01  3.1810E-01  3.0299E-01  2.8443E-01
     1  3.0310E-01  2.9624E-01  2.8715E-01  2.7623E-01  2.6260E-01  2.4612E-01

     y    x   31      x   32  
    32  2.2748E-01  1.9699E-01
    31  2.6328E-01  2.2748E-01
    30  2.8443E-01  2.4612E-01
    29  3.0299E-01  2.6260E-01
    28  3.1810E-01  2.7623E-01
    27  3.3031E-01  2.8715E-01
    26  3.4040E-01  2.9624E-01
    25  3.4795E-01  3.0310E-01
    24  3.5408E-01  3.0866E-01
    23  3.5932E-01  3.1344E-01
    22  3.6341E-01  3.1710E-01
    21  3.6732E-01  3.2054E-01
    20  3.7033E-01  3.2329E-01
    19  3.7258E-01  3.2532E-01
    18  3.7414E-01  3.2670E-01
    17  3.7483E-01  3.2737E-01
    16  3.7483E-01  3.2737E-01
    15  3.7414E-01  3.2670E-01
    14  3.7258E-01  3.2532E-01
    13  3.7033E-01  3.2329E-01
    12  3.6732E-01  3.2054E-01
    11  3.6341E-01  3.1710E-01
    10  3.5932E-01  3.1344E-01
     9  3.5408E-01  3.0866E-01
     8  3.4795E-01  3.0310E-01
     7  3.4040E-01  2.9624E-01
     6  3.3031E-01  2.8715E-01
     5  3.1810E-01  2.7623E-01
     4  3.0299E-01  2.6260E-01
     3  2.8443E-01  2.4612E-01
     2  2.6328E-01  2.2748E-01
     1  2.2748E-01  1.9699E-01

********************************************************************************


 ***********************************
  Group=   2   Z Mid-Plane=   25
 ***********************************

     y    x    1      x    2      x    3      x    4      x    5      x    6  
    32  1.9137E-01  2.2096E-01  2.3888E-01  2.5475E-01  2.6779E-01  2.7812E-01
    31  2.2096E-01  2.5568E-01  2.7600E-01  2.9385E-01  3.0827E-01  3.1977E-01
    30  2.3888E-01  2.7600E-01  2.9822E-01  3.1746E-01  3.3294E-01  3.4533E-01
    29  2.5475E-01  2.9385E-01  3.1746E-01  3.3785E-01  3.5413E-01  3.6723E-01
    28  2.6779E-01  3.0827E-01  3.3294E-01  3.5413E-01  3.7101E-01  3.8460E-01
    27  2.7812E-01  3.1977E-01  3.4533E-01  3.6723E-01  3.8460E-01  3.9873E-01
    26  2.8658E-01  3.2912E-01  3.5542E-01  3.7787E-01  3.9555E-01  4.1004E-01
    25  2.9280E-01  3.3595E-01  3.6275E-01  3.8560E-01  4.0354E-01  4.1832E-01
    24  2.9778E-01  3.4142E-01  3.6860E-01  3.9176E-01  4.0985E-01  4.2470E-01
    23  3.0203E-01  3.4605E-01  3.7352E-01  3.9697E-01  4.1517E-01  4.3011E-01
    22  3.0530E-01  3.4969E-01  3.7742E-01  4.0115E-01  4.1956E-01  4.3470E-01
    21  3.0845E-01  3.5327E-01  3.8128E-01  4.0526E-01  4.2385E-01  4.3917E-01
    20  3.1104E-01  3.5608E-01  3.8430E-01  4.0847E-01  4.2721E-01  4.4270E-01
    19  3.1296E-01  3.5821E-01  3.8662E-01  4.1098E-01  4.2986E-01  4.4557E-01
    18  3.1427E-01  3.5970E-01  3.8829E-01  4.1278E-01  4.3167E-01  4.4748E-01
    17  3.1491E-01  3.6035E-01  3.8900E-01  4.1356E-01  4.3250E-01  4.4842E-01
    16  3.1491E-01  3.6035E-01  3.8900E-01  4.1356E-01  4.3250E-01  4.4842E-01
    15  3.1427E-01  3.5970E-01  3.8829E-01  4.1278E-01  4.3167E-01  4.4748E-01
    14  3.1296E-01  3.5821E-01  3.8662E-01  4.1098E-01  4.2986E-01  4.4557E-01
    13  3.1104E-01  3.5608E-01  3.8430E-01  4.0847E-01  4.2721E-01  4.4270E-01
    12  3.0845E-01  3.5327E-01  3.8128E-01  4.0526E-01  4.2385E-01  4.3917E-01
    11  3.0530E-01  3.4969E-01  3.7742E-01  4.0115E-01  4.1956E-01  4.3470E-01
    10  3.0203E-01  3.4605E-01  3.7352E-01  3.9697E-01  4.1517E-01  4.3011E-01
     9  2.9778E-01  3.4142E-01  3.6860E-01  3.9176E-01  4.0985E-01  4.2470E-01
     8  2.9280E-01  3.3595E-01  3.6275E-01  3.8560E-01  4.0354E-01  4.1832E-01
     7  2.8658E-01  3.2912E-01  3.5542E-01  3.7787E-01  3.9555E-01  4.1004E-01
     6  2.7812E-01  3.1977E-01  3.4533E-01  3.6723E-01  3.8460E-01  3.9873E-01
     5  2.6779E-01  3.0827E-01  3.3294E-01  3.5413E-01  3.7101E-01  3.8460E-01
     4  2.5475E-01  2.9385E-01  3.1746E-01  3.3785E-01  3.5413E-01  3.6723E-01
     3  2.3888E-01  2.7600E-01  2.9822E-01  3.1746E-01  3.3294E-01  3.4533E-01
     2  2.2096E-01  2.5568E-01  2.7600E-01  2.9385E-01  3.0827E-01  3.1977E-01
     1  1.9137E-01  2.2096E-01  2.3888E-01  2.5475E-01  2.6779E-01  2.7812E-01

     y    x    7      x    8      x    9      x   10      x   11      x   12  
    32  2.8658E-01  2.9280E-01  2.9778E-01  3.0203E-01  3.0530E-01  3.0845E-01
    31  3.2912E-01  3.3595E-01  3.4142E-01  3.4605E-01  3.4969E-01  3.5327E-01
    30  3.5542E-01  3.6275E-01  3.6860E-01  3.7352E-01  3.7742E-01  3.8128E-01
    29  3.7787E-01  3.8560E-01  3.9176E-01  3.9697E-01  4.0115E-01  4.0526E-01
    28  3.9555E-01  4.0354E-01  4.0985E-01  4.1517E-01  4.1956E-01  4.2385E-01
    27  4.1004E-01  4.1832E-01  4.2470E-01  4.3011E-01  4.3470E-01  4.3917E-01
    26  4.2154E-01  4.2999E-01  4.3634E-01  4.4167E-01  4.4655E-01  4.5127E-01
    25  4.2999E-01  4.3810E-01  4.4364E-01  4.4890E-01  4.5431E-01  4.5928E-01
    24  4.3634E-01  4.4364E-01  4.4821E-01  4.5392E-01  4.6001E-01  4.6532E-01
    23  4.4167E-01  4.4890E-01  4.5392E-01  4.5993E-01  4.6636E-01  4.7192E-01
    22  4.4655E-01  4.5431E-01  4.6001E-01  4.6636E-01  4.7304E-01  4.7878E-01
    21  4.5127E-01  4.5928E-01  4.6532E-01  4.7192E-01  4.7878E-01  4.8452E-01
    20  4.5493E-01  4.6319E-01  4.6953E-01  4.7638E-01  4.8349E-01  4.8927E-01
    19  4.5794E-01  4.6645E-01  4.7298E-01  4.8004E-01  4.8725E-01  4.9288E-01
    18  4.5983E-01  4.6846E-01  4.7511E-01  4.8230E-01  4.8961E-01  4.9517E-01
    17  4.6081E-01  4.6956E-01  4.7628E-01  4.8354E-01  4.9088E-01  4.9636E-01
    16  4.6081E-01  4.6956E-01  4.7628E-01  4.8354E-01  4.9088E-01  4.9636E-01
    15  4.5983E-01  4.6846E-01  4.7511E-01  4.8230E-01  4.8961E-01  4.9517E-01
    14  4.5794E-01  4.6645E-01  4.7298E-01  4.8004E-01  4.8725E-01  4.9288E-01
    13  4.5493E-01  4.6319E-01  4.6953E-01  4.7638E-01  4.8349E-01  4.8927E-01
    12  4.5127E-01  4.5928E-01  4.6532E-01  4.7192E-01  4.7878E-01  4.8452E-01
    11  4.4655E-01  4.5431E-01  4.6001E-01  4.6636E-01  4.7304E-01  4.7878E-01
    10  4.4167E-01  4.4890E-01  4.5392E-01  4.5993E-01  4.6636E-01  4.7192E-01
     9  4.3634E-01  4.4364E-01  4.4821E-01  4.5392E-01  4.6001E-01  4.6532E-01
     8  4.2999E-01  4.3810E-01  4.4364E-01  4.4890E-01  4.5431E-01  4.5928E-01
     7  4.2154E-01  4.2999E-01  4.3634E-01  4.4167E-01  4.4655E-01  4.5127E-01
     6  4.1004E-01  4.1832E-01  4.2470E-01  4.3011E-01  4.3470E-01  4.3917E-01
     5  3.9555E-01  4.0354E-01  4.0985E-01  4.1517E-01  4.1956E-01  4.2385E-01
     4  3.7787E-01  3.8560E-01  3.9176E-01  3.9697E-01  4.0115E-01  4.0526E-01
     3  3.5542E-01  3.6275E-01  3.6860E-01  3.7352E-01  3.7742E-01  3.8128E-01
     2  3.2912E-01  3.3595E-01  3.4142E-01  3.4605E-01  3.4969E-01  3.5327E-01
     1  2.8658E-01  2.9280E-01  2.9778E-01  3.0203E-01  3.0530E-01  3.0845E-01

     y    x   13      x   14      x   15      x   16      x   17      x   18  
    32  3.1104E-01  3.1296E-01  3.1427E-01  3.1491E-01  3.1491E-01  3.1427E-01
    31  3.5608E-01  3.5821E-01  3.5970E-01  3.6035E-01  3.6035E-01  3.5970E-01
    30  3.8430E-01  3.8662E-01  3.8829E-01  3.8900E-01  3.8900E-01  3.8829E-01
    29  4.0847E-01  4.1098E-01  4.1278E-01  4.1356E-01  4.1356E-01  4.1278E-01
    28  4.2721E-01  4.2986E-01  4.3167E-01  4.3250E-01  4.3250E-01  4.3167E-01
    27  4.4270E-01  4.4557E-01  4.4748E-01  4.4842E-01  4.4842E-01  4.4748E-01
    26  4.5493E-01  4.5794E-01  4.5983E-01  4.6081E-01  4.6081E-01  4.5983E-01
    25  4.6319E-01  4.6645E-01  4.6846E-01  4.6956E-01  4.6956E-01  4.6846E-01
    24  4.6953E-01  4.7298E-01  4.7511E-01  4.7628E-01  4.7628E-01  4.7511E-01
    23  4.7638E-01  4.8004E-01  4.8230E-01  4.8354E-01  4.8354E-01  4.8230E-01
    22  4.8349E-01  4.8725E-01  4.8961E-01  4.9088E-01  4.9088E-01  4.8961E-01
    21  4.8927E-01  4.9288E-01  4.9517E-01  4.9636E-01  4.9636E-01  4.9517E-01
    20  4.9412E-01  4.9768E-01  5.0010E-01  5.0129E-01  5.0129E-01  5.0010E-01
    19  4.9768E-01  5.0106E-01  5.0350E-01  5.0463E-01  5.0463E-01  5.0350E-01
    18  5.0010E-01  5.0350E-01  5.0603E-01  5.0716E-01  5.0716E-01  5.0603E-01
    17  5.0129E-01  5.0463E-01  5.0716E-01  5.0827E-01  5.0827E-01  5.0716E-01
    16  5.0129E-01  5.0463E-01  5.0716E-01  5.0827E-01  5.0827E-01  5.0716E-01
    15  5.0010E-01  5.0350E-01  5.0603E-01  5.0716E-01  5.0716E-01  5.0603E-01
    14  4.9768E-01  5.0106E-01  5.0350E-01  5.0463E-01  5.0463E-01  5.0350E-01
    13  4.9412E-01  4.9768E-01  5.0010E-01  5.0129E-01  5.0129E-01  5.0010E-01
    12  4.8927E-01  4.9288E-01  4.9517E-01  4.9636E-01  4.9636E-01  4.9517E-01
    11  4.8349E-01  4.8725E-01  4.8961E-01  4.9088E-01  4.9088E-01  4.8961E-01
    10  4.7638E-01  4.8004E-01  4.8230E-01  4.8354E-01  4.8354E-01  4.8230E-01
     9  4.6953E-01  4.7298E-01  4.7511E-01  4.7628E-01  4.7628E-01  4.7511E-01
     8  4.6319E-01  4.6645E-01  4.6846E-01  4.6956E-01  4.6956E-01  4.6846E-01
     7  4.5493E-01  4.5794E-01  4.5983E-01  4.6081E-01  4.6081E-01  4.5983E-01
     6  4.4270E-01  4.4557E-01  4.4748E-01  4.4842E-01  4.4842E-01  4.4748E-01
     5  4.2721E-01  4.2986E-01  4.3167E-01  4.3250E-01  4.3250E-01  4.3167E-01
     4  4.0847E-01  4.1098E-01  4.1278E-01  4.1356E-01  4.1356E-01  4.1278E-01
     3  3.8430E-01  3.8662E-01  3.8829E-01  3.8900E-01  3.8900E-01  3.8829E-01
     2  3.5608E-01  3.5821E-01  3.5970E-01  3.6035E-01  3.6035E-01  3.5970E-01
     1  3.1104E-01  3.1296E-01  3.1427E-01  3.1491E-01  3.1491E-01  3.1427E-01

     y    x   19      x   20      x   21      x   22      x   23      x   24  
    32  3.1296E-01  3.1104E-01  3.0845E-01  3.0530E-01  3.0203E-01  2.9778E-01
    31  3.5821E-01  3.5608E-01  3.5327E-01  3.4969E-01  3.4605E-01  3.4142E-01
    30  3.8662E-01  3.8430E-01  3.8128E-01  3.7742E-01  3.7352E-01  3.6860E-01
    29  4.1098E-01  4.0847E-01  4.0526E-01  4.0115E-01  3.9697E-01  3.9176E-01
    28  4.2986E-01  4.2721E-01  4.2385E-01  4.1956E-01  4.1517E-01  4.0985E-01
    27  4.4557E-01  4.4270E-01  4.3917E-01  4.3470E-01  4.3011E-01  4.2470E-01
    26  4.5794E-01  4.5493E-01  4.5127E-01  4.4655E-01  4.4167E-01  4.3634E-01
    25  4.6645E-01  4.6319E-01  4.5928E-01  4.5431E-01  4.4890E-01  4.4364E-01
    24  4.7298E-01  4.6953E-01  4.6532E-01  4.6001E-01  4.5392E-01  4.4821E-01
    23  4.8004E-01  4.7638E-01  4.7192E-01  4.6636E-01  4.5993E-01  4.5392E-01
    22  4.8725E-01  4.8349E-01  4.7878E-01  4.7304E-01  4.6636E-01  4.6001E-01
    21  4.9288E-01  4.8927E-01  4.8452E-01  4.7878E-01  4.7192E-01  4.6532E-01
    20  4.9768E-01  4.9412E-01  4.8927E-01  4.8349E-01  4.7638E-01  4.6953E-01
    19  5.0106E-01  4.9768E-01  4.9288E-01  4.8725E-01  4.8004E-01  4.7298E-01
    18  5.0350E-01  5.0010E-01  4.9517E-01  4.8961E-01  4.8230E-01  4.7511E-01
    17  5.0463E-01  5.0129E-01  4.9636E-01  4.9088E-01  4.8354E-01  4.7628E-01
    16  5.0463E-01  5.0129E-01  4.9636E-01  4.9088E-01  4.8354E-01  4.7628E-01
    15  5.0350E-01  5.0010E-01  4.9517E-01  4.8961E-01  4.8230E-01  4.7511E-01
    14  5.0106E-01  4.9768E-01  4.9288E-01  4.8725E-01  4.8004E-01  4.7298E-01
    13  4.9768E-01  4.9412E-01  4.8927E-01  4.8349E-01  4.7638E-01  4.6953E-01
    12  4.9288E-01  4.8927E-01  4.8452E-01  4.7878E-01  4.7192E-01  4.6532E-01
    11  4.8725E-01  4.8349E-01  4.7878E-01  4.7304E-01  4.6636E-01  4.6001E-01
    10  4.8004E-01  4.7638E-01  4.7192E-01  4.6636E-01  4.5993E-01  4.5392E-01
     9  4.7298E-01  4.6953E-01  4.6532E-01  4.6001E-01  4.5392E-01  4.4821E-01
     8  4.6645E-01  4.6319E-01  4.5928E-01  4.5431E-01  4.4890E-01  4.4364E-01
     7  4.5794E-01  4.5493E-01  4.5127E-01  4.4655E-01  4.4167E-01  4.3634E-01
     6  4.4557E-01  4.4270E-01  4.3917E-01  4.3470E-01  4.3011E-01  4.2470E-01
     5  4.2986E-01  4.2721E-01  4.2385E-01  4.1956E-01  4.1517E-01  4.0985E-01
     4  4.1098E-01  4.0847E-01  4.0526E-01  4.0115E-01  3.9697E-01  3.9176E-01
     3  3.8662E-01  3.8430E-01  3.8128E-01  3.7742E-01  3.7352E-01  3.6860E-01
     2  3.5821E-01  3.5608E-01  3.5327E-01  3.4969E-01  3.4605E-01  3.4142E-01
     1  3.1296E-01  3.1104E-01  3.0845E-01  3.0530E-01  3.0203E-01  2.9778E-01

     y    x   25      x   26      x   27      x   28      x   29      x   30  
    32  2.9280E-01  2.8658E-01  2.7812E-01  2.6779E-01  2.5475E-01  2.3888E-01
    31  3.3595E-01  3.2912E-01  3.1977E-01  3.0827E-01  2.9385E-01  2.7600E-01
    30  3.6275E-01  3.5542E-01  3.4533E-01  3.3294E-01  3.1746E-01  2.9822E-01
    29  3.8560E-01  3.7787E-01  3.6723E-01  3.5413E-01  3.3785E-01  3.1746E-01
    28  4.0354E-01  3.9555E-01  3.8460E-01  3.7101E-01  3.5413E-01  3.3294E-01
    27  4.1832E-01  4.1004E-01  3.9873E-01  3.8460E-01  3.6723E-01  3.4533E-01
    26  4.2999E-01  4.2154E-01  4.1004E-01  3.9555E-01  3.7787E-01  3.5542E-01
    25  4.3810E-01  4.2999E-01  4.1832E-01  4.0354E-01  3.8560E-01  3.6275E-01
    24  4.4364E-01  4.3634E-01  4.2470E-01  4.0985E-01  3.9176E-01  3.6860E-01
    23  4.4890E-01  4.4167E-01  4.3011E-01  4.1517E-01  3.9697E-01  3.7352E-01
    22  4.5431E-01  4.4655E-01  4.3470E-01  4.1956E-01  4.0115E-01  3.7742E-01
    21  4.5928E-01  4.5127E-01  4.3917E-01  4.2385E-01  4.0526E-01  3.8128E-01
    20  4.6319E-01  4.5493E-01  4.4270E-01  4.2721E-01  4.0847E-01  3.8430E-01
    19  4.6645E-01  4.5794E-01  4.4557E-01  4.2986E-01  4.1098E-01  3.8662E-01
    18  4.6846E-01  4.5983E-01  4.4748E-01  4.3167E-01  4.1278E-01  3.8829E-01
    17  4.6956E-01  4.6081E-01  4.4842E-01  4.3250E-01  4.1356E-01  3.8900E-01
    16  4.6956E-01  4.6081E-01  4.4842E-01  4.3250E-01  4.1356E-01  3.8900E-01
    15  4.6846E-01  4.5983E-01  4.4748E-01  4.3167E-01  4.1278E-01  3.8829E-01
    14  4.6645E-01  4.5794E-01  4.4557E-01  4.2986E-01  4.1098E-01  3.8662E-01
    13  4.6319E-01  4.5493E-01  4.4270E-01  4.2721E-01  4.0847E-01  3.8430E-01
    12  4.5928E-01  4.5127E-01  4.3917E-01  4.2385E-01  4.0526E-01  3.8128E-01
    11  4.5431E-01  4.4655E-01  4.3470E-01  4.1956E-01  4.0115E-01  3.7742E-01
    10  4.4890E-01  4.4167E-01  4.3011E-01  4.1517E-01  3.9697E-01  3.7352E-01
     9  4.4364E-01  4.3634E-01  4.2470E-01  4.0985E-01  3.9176E-01  3.6860E-01
     8  4.3810E-01  4.2999E-01  4.1832E-01  4.0354E-01  3.8560E-01  3.6275E-01
     7  4.2999E-01  4.2154E-01  4.1004E-01  3.9555E-01  3.7787E-01  3.5542E-01
     6  4.1832E-01  4.1004E-01  3.9873E-01  3.8460E-01  3.6723E-01  3.4533E-01
     5  4.0354E-01  3.9555E-01  3.8460E-01  3.7101E-01  3.5413E-01  3.3294E-01
     4  3.8560E-01  3.7787E-01  3.6723E-01  3.5413E-01  3.3785E-01  3.1746E-01
     3  3.6275E-01  3.5542E-01  3.4533E-01  3.3294E-01  3.1746E-01  2.9822E-01
     2  3.3595E-01  3.2912E-01  3.1977E-01  3.0827E-01  2.9385E-01  2.7600E-01
     1  2.9280E-01  2.8658E-01  2.7812E-01  2.6779E-01  2.5475E-01  2.3888E-01

     y    x   31      x   32  
    32  2.2096E-01  1.9137E-01
    31  2.5568E-01  2.2096E-01
    30  2.7600E-01  2.3888E-01
    29  2.9385E-01  2.5475E-01
    28  3.0827E-01  2.6779E-01
    27  3.1977E-01  2.7812E-01
    26  3.2912E-01  2.8658E-01
    25  3.3595E-01  2.9280E-01
    24  3.4142E-01  2.9778E-01
    23  3.4605E-01  3.0203E-01
    22  3.4969E-01  3.0530E-01
    21  3.5327E-01  3.0845E-01
    20  3.5608E-01  3.1104E-01
    19  3.5821E-01  3.1296E-01
    18  3.5970E-01  3.1427E-01
    17  3.6035E-01  3.1491E-01
    16  3.6035E-01  3.1491E-01
    15  3.5970E-01  3.1427E-01
    14  3.5821E-01  3.1296E-01
    13  3.5608E-01  3.1104E-01
    12  3.5327E-01  3.0845E-01
    11  3.4969E-01  3.0530E-01
    10  3.4605E-01  3.0203E-01
     9  3.4142E-01  2.9778E-01
     8  3.3595E-01  2.9280E-01
     7  3.2912E-01  2.8658E-01
